


 
   0.179E+00  -0.221E-01  -0.350E-02  -0.576E-01   0.101E-01  -0.275E-02
  -0.221E-01   0.442E-02  -0.191E-02   0.794E-02  -0.124E-02   0.258E-03
  -0.350E-02  -0.191E-02   0.363E-02   0.682E-03  -0.578E-03   0.249E-03
  -0.576E-01   0.794E-02   0.682E-03   0.149E+00  -0.125E-01  -0.493E-02
   0.101E-01  -0.124E-02  -0.578E-03  -0.125E-01   0.361E-02  -0.148E-02
  -0.275E-02   0.258E-03   0.249E-03  -0.493E-02  -0.148E-02   0.164E-02
 
 
   0.335E+00  -0.415E-01  -0.673E-02  -0.243E+00   0.274E-01   0.176E-02
  -0.415E-01   0.676E-02  -0.138E-02   0.315E-01  -0.350E-02  -0.255E-03
  -0.673E-02  -0.138E-02   0.347E-02   0.393E-02  -0.729E-03   0.663E-04
  -0.243E+00   0.315E-01   0.393E-02   0.391E+00  -0.351E-01  -0.107E-01
   0.274E-01  -0.350E-02  -0.729E-03  -0.351E-01   0.550E-02  -0.789E-03
   0.176E-02  -0.255E-03   0.663E-04  -0.107E-01  -0.789E-03   0.166E-02
 
Note that the above result is from a model with explosive lower regime, details are lost, but the two matrix shall be close to each other due to the asymptotic result.


********************************

When the parameters of the model are set as
 True parameters
 Threshold:           7
 Other para:
       0.500       0.700       0.200
       0.300       0.400       0.500
Simulation results are

 sample size=        3000
 replication=        1000
 True parameters
 Threshold:           7
 Other para:
       0.500       0.700       0.200
       0.300       0.400       0.500
 Average of estimated parameter:
       0.519       0.698       0.198
       0.362       0.396       0.497
 Covariance matrix:
 
   0.849E-02  -0.124E-02  -0.473E-03   0.156E-02  -0.194E-04   0.626E-04
  -0.124E-02   0.532E-03  -0.344E-03  -0.308E-03   0.320E-04  -0.413E-04
  -0.473E-03  -0.344E-03   0.535E-03  -0.220E-03  -0.154E-04   0.340E-04
   0.156E-02  -0.308E-03  -0.220E-03   0.911E-01  -0.177E-02  -0.752E-02
  -0.194E-04   0.320E-04  -0.154E-04  -0.177E-02   0.145E-02  -0.963E-03
   0.626E-04  -0.413E-04   0.340E-04  -0.752E-02  -0.963E-03   0.153E-02
 
 
   0.824E-02  -0.121E-02  -0.461E-03   0.371E-02  -0.105E-03  -0.989E-04
  -0.121E-02   0.535E-03  -0.350E-03  -0.957E-03   0.260E-04   0.220E-04
  -0.461E-03  -0.350E-03   0.535E-03  -0.428E-04   0.174E-04   0.890E-06
   0.371E-02  -0.957E-03  -0.428E-04   0.108E+00  -0.225E-02  -0.857E-02
  -0.105E-03   0.260E-04   0.174E-04  -0.225E-02   0.153E-02  -0.100E-02
  -0.989E-04   0.220E-04   0.890E-06  -0.857E-02  -0.100E-02   0.166E-02

Note:
	1: The sample size is 3000, a bit large than usual. Anyway, such large sample size may serve a good starting point for testing if our result is true or not.
	2: The sample mean of estimates are quite close to true value, except the constant term of the second regime, average 0.362 vs true 0.300. The second least accurate is the constant term of the first regime.
	3: The diagonal elements of covariance matrix are close to the corresponding ones, however, Not all of the off-diagonal elements match well.

Simulations with the same parameters but different sample sizes.
 sample size=        1000
 replication=        1000
 True parameters
 Threshold:           7
 Other para:
       0.500       0.700       0.200
       0.300       0.400       0.500
 Average of estimated parameter:
       0.562       0.695       0.194
       0.467       0.389       0.492
 Covariance matrix:
 
   0.321E-01  -0.430E-02  -0.199E-02   0.678E-02  -0.280E-03   0.215E-03
  -0.430E-02   0.165E-02  -0.977E-03  -0.173E-02   0.595E-04  -0.191E-04
  -0.199E-02  -0.977E-03   0.164E-02  -0.198E-03   0.515E-04  -0.267E-04
   0.678E-02  -0.173E-02  -0.198E-03   0.240E+00  -0.752E-02  -0.175E-01
  -0.280E-03   0.595E-04   0.515E-04  -0.752E-02   0.473E-02  -0.296E-02
   0.215E-03  -0.191E-04  -0.267E-04  -0.175E-01  -0.296E-02   0.415E-02
 
 
   0.287E-01  -0.415E-02  -0.157E-02   0.117E-01  -0.290E-03  -0.330E-03
  -0.415E-02   0.171E-02  -0.107E-02  -0.300E-02   0.760E-04   0.741E-04
  -0.157E-02  -0.107E-02   0.167E-02  -0.131E-03   0.507E-04   0.273E-05
   0.117E-01  -0.300E-02  -0.131E-03   0.352E+00  -0.829E-02  -0.275E-01
  -0.290E-03   0.760E-04   0.507E-04  -0.829E-02   0.490E-02  -0.307E-02
  -0.330E-03   0.741E-04   0.273E-05  -0.275E-01  -0.307E-02   0.520E-02


COMPARISON OF ASYMPTOTIC COVARIANCE WITH SAMPLE COVARIANCE  
To make the result with different sample size comparable, note that by asymptotic result,
\sqrt{n}(\hat{\theta}-\theta_0) \xrightarrow{d} N(0,G^{-1}),
where G=E(1/lambda_t \frac{\partial \lambda_t}{\partial \theta}\frac{\partial \lambda_t}{\partial \theta}'),
Then let \hat{\theta}_k be the estimated parameter in the k^th replication, then
n* (Sample variance(\hat{\theta}_k} ) \equiv G^{-1}.

The the matrix should be all approximately equal to G^{-1}. Let's see the simulation results.


*********************
1: SAMPLE SIZE = 1000

 sample size=        1000
 replication=        1000
 True parameters
 Threshold:           7
 Other para:
       0.500       0.700       0.200
       0.300       0.400       0.500
 Average of estimated parameter:
       0.549       0.696       0.194
       0.476       0.390       0.490
 Covariance matrix:
 
   0.268E+02  -0.391E+01  -0.145E+01   0.700E+01  -0.572E-01  -0.561E-01
  -0.391E+01   0.173E+01  -0.113E+01  -0.243E+01   0.154E+00  -0.460E-01
  -0.145E+01  -0.113E+01   0.171E+01   0.664E+00  -0.850E-01   0.323E-01
   0.700E+01  -0.243E+01   0.664E+00   0.225E+03  -0.460E+01  -0.183E+02
  -0.572E-01   0.154E+00  -0.850E-01  -0.460E+01   0.478E+01  -0.338E+01
  -0.561E-01  -0.460E-01   0.323E-01  -0.183E+02  -0.338E+01   0.463E+01
 
 
   0.274E+02  -0.394E+01  -0.155E+01   0.114E+02  -0.288E+00  -0.323E+00
  -0.394E+01   0.167E+01  -0.107E+01  -0.295E+01   0.729E-01   0.747E-01
  -0.155E+01  -0.107E+01   0.166E+01  -0.136E+00   0.534E-01   0.126E-02
   0.114E+02  -0.295E+01  -0.136E+00   0.348E+03  -0.799E+01  -0.272E+02
  -0.288E+00   0.729E-01   0.534E-01  -0.799E+01   0.482E+01  -0.305E+01
  -0.323E+00   0.747E-01   0.126E-02  -0.272E+02  -0.305E+01   0.515E+01

********************
SECOND ONE:
SAMPLE SIZE=3000

 sample size=        3000
 replication=        1000
 True parameters
 Threshold:           7
 Other para:
       0.500       0.700       0.200
       0.300       0.400       0.500
 Average of estimated parameter:
       0.518       0.698       0.198
       0.359       0.397       0.496
 Covariance matrix:

from replicates:
 
   0.248E+02  -0.358E+01  -0.141E+01   0.576E+01  -0.115E+00   0.661E-01
  -0.358E+01   0.158E+01  -0.104E+01  -0.250E+01  -0.123E-02   0.102E+00
  -0.141E+01  -0.104E+01   0.160E+01   0.924E+00   0.949E-01  -0.149E+00
   0.576E+01  -0.250E+01   0.924E+00   0.258E+03  -0.712E+01  -0.192E+02
  -0.115E+00  -0.123E-02   0.949E-01  -0.712E+01   0.501E+01  -0.331E+01
   0.661E-01   0.102E+00  -0.149E+00  -0.192E+02  -0.331E+01   0.461E+01

from average of G^{-1} 
 
   0.246E+02  -0.361E+01  -0.138E+01   0.111E+02  -0.309E+00  -0.303E+00
  -0.361E+01   0.160E+01  -0.105E+01  -0.287E+01   0.763E-01   0.673E-01
  -0.138E+01  -0.105E+01   0.160E+01  -0.134E+00   0.528E-01   0.273E-02
   0.111E+02  -0.287E+01  -0.134E+00   0.324E+03  -0.665E+01  -0.257E+02
  -0.309E+00   0.763E-01   0.528E-01  -0.665E+01   0.458E+01  -0.301E+01
  -0.303E+00   0.673E-01   0.273E-02  -0.257E+02  -0.301E+01   0.497E+01
 
*********************
2011.09.26 11:46am
=======
 sample size=         500
 replication=        1000
 True parameters
 Threshold:           7
 Other para:
       0.500       0.700       0.200
       0.300       0.400       0.500
 Average of estimated parameter:
       0.627       0.691       0.183
       0.868       0.366       0.470
 Covariance matrix:
 T*SV:
 
   0.523E+02  -0.698E+01  -0.453E+01   0.217E+02   0.160E+01  -0.239E+01
  -0.698E+01   0.251E+01  -0.142E+01  -0.524E+01   0.846E-01   0.222E+00
  -0.453E+01  -0.142E+01   0.329E+01   0.412E+00  -0.591E+00   0.447E+00
   0.217E+02  -0.524E+01   0.412E+00   0.529E+03  -0.196E+02  -0.345E+02
   0.160E+01   0.846E-01  -0.591E+00  -0.196E+02   0.736E+01  -0.375E+01
  -0.239E+01   0.222E+00   0.447E+00  -0.345E+02  -0.375E+01   0.629E+01
 
 SM of G:
 
   0.409E+02  -0.573E+01  -0.279E+01   0.115E+02  -0.209E+00  -0.330E+00
  -0.573E+01   0.208E+01  -0.118E+01  -0.300E+01   0.639E-01   0.768E-01
  -0.279E+01  -0.118E+01   0.229E+01  -0.179E+00   0.534E-01   0.397E-02
   0.115E+02  -0.300E+01  -0.179E+00   0.478E+03  -0.142E+02  -0.343E+02
  -0.209E+00   0.639E-01   0.534E-01  -0.142E+02   0.573E+01  -0.309E+01
  -0.330E+00   0.768E-01   0.397E-02  -0.343E+02  -0.309E+01   0.581E+01
 
 Estimated threshold:
 Mean   6.85300000000000     
 Variance   1.16455555555555     
 sample size=        1000
 replication=        1000
 True parameters
 Threshold:           7
 Other para:
       0.500       0.700       0.200
       0.300       0.400       0.500
 Average of estimated parameter:
       0.546       0.699       0.192
       0.533       0.388       0.486
 Covariance matrix:
 T*SV:
 
   0.334E+02  -0.452E+01  -0.264E+01   0.151E+02  -0.575E+00  -0.329E+00
  -0.452E+01   0.193E+01  -0.130E+01  -0.427E+01   0.581E+00  -0.213E+00
  -0.264E+01  -0.130E+01   0.244E+01   0.830E+00  -0.629E+00   0.431E+00
   0.151E+02  -0.427E+01   0.830E+00   0.344E+03  -0.105E+02  -0.239E+02
  -0.575E+00   0.581E+00  -0.629E+00  -0.105E+02   0.571E+01  -0.344E+01
  -0.329E+00  -0.213E+00   0.431E+00  -0.239E+02  -0.344E+01   0.505E+01
 
 SM of G:
 
   0.293E+02  -0.417E+01  -0.188E+01   0.115E+02  -0.296E+00  -0.319E+00
  -0.417E+01   0.174E+01  -0.110E+01  -0.295E+01   0.751E-01   0.734E-01
  -0.188E+01  -0.110E+01   0.185E+01  -0.161E+00   0.551E-01   0.225E-02
   0.115E+02  -0.295E+01  -0.161E+00   0.381E+03  -0.905E+01  -0.291E+02
  -0.296E+00   0.751E-01   0.551E-01  -0.905E+01   0.498E+01  -0.306E+01
  -0.319E+00   0.734E-01   0.225E-02  -0.291E+02  -0.306E+01   0.531E+01
 
 Estimated threshold:
 Mean   6.92900000000000     
 Variance  0.536495495495500     

 sample size=        2000
 replication=        1000
 True parameters
 Threshold:           7
 Other para:
       0.500       0.700       0.200
       0.300       0.400       0.500
 Average of estimated parameter:
       0.524       0.698       0.197
       0.415       0.395       0.492
 Covariance matrix:
 T*SV:
 
   0.284E+02  -0.426E+01  -0.145E+01   0.714E+01  -0.300E+00   0.126E+00
  -0.426E+01   0.181E+01  -0.116E+01  -0.258E+01   0.214E+00  -0.609E-01
  -0.145E+01  -0.116E+01   0.179E+01   0.555E+00  -0.131E+00   0.483E-01
   0.714E+01  -0.258E+01   0.555E+00   0.275E+03  -0.794E+01  -0.199E+02
  -0.300E+00   0.214E+00  -0.131E+00  -0.794E+01   0.511E+01  -0.325E+01
   0.126E+00  -0.609E-01   0.483E-01  -0.199E+02  -0.325E+01   0.459E+01
 
 SM of G:
 
   0.257E+02  -0.373E+01  -0.151E+01   0.112E+02  -0.309E+00  -0.304E+00
  -0.373E+01   0.163E+01  -0.106E+01  -0.289E+01   0.757E-01   0.696E-01
  -0.151E+01  -0.106E+01   0.166E+01  -0.139E+00   0.551E-01   0.924E-03
   0.112E+02  -0.289E+01  -0.139E+00   0.339E+03  -0.730E+01  -0.266E+02
  -0.309E+00   0.757E-01   0.551E-01  -0.730E+01   0.470E+01  -0.303E+01
  -0.304E+00   0.696E-01   0.924E-03  -0.266E+02  -0.303E+01   0.507E+01
 
 Estimated threshold:
 Mean   6.97800000000000     
 Variance  0.131647647647648     

 sample size=        3000
 replication=        1000
 True parameters
 Threshold:           7
 Other para:
       0.500       0.700       0.200
       0.300       0.400       0.500
 Average of estimated parameter:
       0.513       0.699       0.199
       0.371       0.397       0.495
 Covariance matrix:
 T*SV:
 
   0.279E+02  -0.417E+01  -0.145E+01   0.140E+02  -0.500E+00  -0.396E+00
  -0.417E+01   0.179E+01  -0.116E+01  -0.399E+01   0.275E+00   0.192E-01
  -0.145E+01  -0.116E+01   0.177E+01   0.934E+00  -0.175E+00   0.688E-01
   0.140E+02  -0.399E+01   0.934E+00   0.267E+03  -0.762E+01  -0.195E+02
  -0.500E+00   0.275E+00  -0.175E+00  -0.762E+01   0.517E+01  -0.337E+01
  -0.396E+00   0.192E-01   0.688E-01  -0.195E+02  -0.337E+01   0.465E+01
 
 SM of G:
 
   0.246E+02  -0.359E+01  -0.140E+01   0.111E+02  -0.307E+00  -0.305E+00
  -0.359E+01   0.160E+01  -0.105E+01  -0.285E+01   0.747E-01   0.679E-01
  -0.140E+01  -0.105E+01   0.162E+01  -0.150E+00   0.548E-01   0.257E-02
   0.111E+02  -0.285E+01  -0.150E+00   0.331E+03  -0.686E+01  -0.261E+02
  -0.307E+00   0.747E-01   0.548E-01  -0.686E+01   0.462E+01  -0.302E+01
  -0.305E+00   0.679E-01   0.257E-02  -0.261E+02  -0.302E+01   0.501E+01
 
 Estimated threshold:
 Mean   7.00000000000000     
 Variance  6.406406406406406E-002

 sample size=        3000
 replication=        1000
 True parameters
 Threshold:           7
 Other para:
       0.500       0.700       0.200
       0.300       0.400       0.500
 Average of estimated parameter:
       0.516       0.699       0.198
       0.381       0.396       0.495
 Covariance matrix:
 T*SV:
 
   0.267E+02  -0.398E+01  -0.138E+01   0.120E+02  -0.441E+00  -0.297E+00
  -0.398E+01   0.175E+01  -0.115E+01  -0.425E+01   0.257E+00   0.583E-01
  -0.138E+01  -0.115E+01   0.172E+01   0.147E+01  -0.161E+00   0.171E-01
   0.120E+02  -0.425E+01   0.147E+01   0.290E+03  -0.486E+01  -0.236E+02
  -0.441E+00   0.257E+00  -0.161E+00  -0.486E+01   0.485E+01  -0.341E+01
  -0.297E+00   0.583E-01   0.171E-01  -0.236E+02  -0.341E+01   0.507E+01
 
 SM of G:
 
   0.245E+02  -0.358E+01  -0.140E+01   0.112E+02  -0.314E+00  -0.303E+00
  -0.358E+01   0.159E+01  -0.105E+01  -0.288E+01   0.768E-01   0.675E-01
  -0.140E+01  -0.105E+01   0.160E+01  -0.136E+00   0.535E-01   0.252E-02
   0.112E+02  -0.288E+01  -0.136E+00   0.334E+03  -0.693E+01  -0.264E+02
  -0.314E+00   0.768E-01   0.535E-01  -0.693E+01   0.466E+01  -0.304E+01
  -0.303E+00   0.675E-01   0.252E-02  -0.264E+02  -0.304E+01   0.505E+01
 
 Estimated threshold:
 Mean   7.01500000000000     
 Variance  4.481981981982011E-002


*************************
THE SECOND SIMULATION
=========================
 sample size=         500
 replication=        1000
 True parameters
 Threshold:           7
 Other para:
       0.500       0.800       0.400
       0.200       0.700       0.100
 Average of estimated parameter:
       0.525       0.809       0.390
       0.357       0.690       0.089
 Covariance matrix:
 T*SV:
 
   0.152E+03  -0.184E+02  -0.314E+01  -0.401E+02   0.548E+01  -0.803E+00
  -0.184E+02   0.413E+01  -0.218E+01   0.543E+01  -0.661E+00   0.127E-01
  -0.314E+01  -0.218E+01   0.380E+01   0.846E+00  -0.424E+00   0.167E+00
  -0.401E+02   0.543E+01   0.846E+00   0.116E+03  -0.102E+02  -0.363E+01
   0.548E+01  -0.661E+00  -0.424E+00  -0.102E+02   0.315E+01  -0.137E+01
  -0.803E+00   0.127E-01   0.167E+00  -0.363E+01  -0.137E+01   0.144E+01
 
 SM of G:
 
   0.347E+03  -0.429E+02  -0.697E+01  -0.248E+03   0.279E+02   0.180E+01
  -0.429E+02   0.696E+01  -0.137E+01   0.321E+02  -0.359E+01  -0.245E+00
  -0.697E+01  -0.137E+01   0.348E+01   0.403E+01  -0.705E+00   0.418E-01
  -0.248E+03   0.321E+02   0.403E+01   0.402E+03  -0.361E+02  -0.110E+02
   0.279E+02  -0.359E+01  -0.705E+00  -0.361E+02   0.561E+01  -0.788E+00
   0.180E+01  -0.245E+00   0.418E-01  -0.110E+02  -0.788E+00   0.169E+01
 
 Estimated threshold:
 Mean   7.00000000000000     
 Variance  0.000000000000000E+000

 sample size=        1000
 replication=        1000
 True parameters
 Threshold:           7
 Other para:
       0.500       0.800       0.400
       0.200       0.700       0.100
 Average of estimated parameter:
       0.494       0.804       0.398
       0.314       0.693       0.093
 Covariance matrix:
 T*SV:
 
   0.177E+03  -0.218E+02  -0.298E+01  -0.655E+02   0.943E+01  -0.143E+01
  -0.218E+02   0.436E+01  -0.195E+01   0.858E+01  -0.108E+01   0.820E-01
  -0.298E+01  -0.195E+01   0.361E+01   0.604E+00  -0.618E+00   0.264E+00
  -0.655E+02   0.858E+01   0.604E+00   0.150E+03  -0.121E+02  -0.514E+01
   0.943E+01  -0.108E+01  -0.618E+00  -0.121E+02   0.353E+01  -0.148E+01
  -0.143E+01   0.820E-01   0.264E+00  -0.514E+01  -0.148E+01   0.165E+01
 
 SM of G:
 
   0.331E+03  -0.410E+02  -0.665E+01  -0.242E+03   0.272E+02   0.174E+01
  -0.410E+02   0.669E+01  -0.138E+01   0.312E+02  -0.348E+01  -0.250E+00
  -0.665E+01  -0.138E+01   0.345E+01   0.396E+01  -0.728E+00   0.623E-01
  -0.242E+03   0.312E+02   0.396E+01   0.391E+03  -0.352E+02  -0.106E+02
   0.272E+02  -0.348E+01  -0.728E+00  -0.352E+02   0.552E+01  -0.796E+00
   0.174E+01  -0.250E+00   0.623E-01  -0.106E+02  -0.796E+00   0.166E+01
 
 Estimated threshold:
 Mean   7.00000000000000     
 Variance  0.000000000000000E+000

 sample size=        2000
 replication=        1000
 True parameters
 Threshold:           7
 Other para:
       0.500       0.800       0.400
       0.200       0.700       0.100
 Average of estimated parameter:
       0.483       0.803       0.401
       0.264       0.696       0.096
 Covariance matrix:
 T*SV:
 
   0.213E+03  -0.262E+02  -0.403E+01  -0.911E+02   0.128E+02  -0.169E+01
  -0.262E+02   0.488E+01  -0.178E+01   0.110E+02  -0.149E+01   0.173E+00
  -0.403E+01  -0.178E+01   0.354E+01   0.199E+01  -0.640E+00   0.179E+00
  -0.911E+02   0.110E+02   0.199E+01   0.165E+03  -0.134E+02  -0.539E+01
   0.128E+02  -0.149E+01  -0.640E+00  -0.134E+02   0.347E+01  -0.133E+01
  -0.169E+01   0.173E+00   0.179E+00  -0.539E+01  -0.133E+01   0.155E+01
 
 SM of G:
 
   0.327E+03  -0.405E+02  -0.659E+01  -0.241E+03   0.272E+02   0.171E+01
  -0.405E+02   0.659E+01  -0.135E+01   0.312E+02  -0.348E+01  -0.253E+00
  -0.659E+01  -0.135E+01   0.340E+01   0.389E+01  -0.735E+00   0.735E-01
  -0.241E+03   0.312E+02   0.389E+01   0.387E+03  -0.349E+02  -0.105E+02
   0.272E+02  -0.348E+01  -0.735E+00  -0.349E+02   0.549E+01  -0.793E+00
   0.171E+01  -0.253E+00   0.735E-01  -0.105E+02  -0.793E+00   0.164E+01
 
 Estimated threshold:
 Mean   7.00000000000000     
 Variance  0.000000000000000E+000

 sample size=        3000
 replication=        1000
 True parameters
 Threshold:           7
 Other para:
       0.500       0.800       0.400
       0.200       0.700       0.100
 Average of estimated parameter:
       0.486       0.803       0.399
       0.239       0.698       0.098
 Covariance matrix:
 T*SV:
 
   0.243E+03  -0.296E+02  -0.525E+01  -0.119E+03   0.168E+02  -0.214E+01
  -0.296E+02   0.523E+01  -0.159E+01   0.161E+02  -0.200E+01   0.779E-01
  -0.525E+01  -0.159E+01   0.346E+01   0.115E+01  -0.750E+00   0.353E+00
  -0.119E+03   0.161E+02   0.115E+01   0.188E+03  -0.177E+02  -0.458E+01
   0.168E+02  -0.200E+01  -0.750E+00  -0.177E+02   0.410E+01  -0.140E+01
  -0.214E+01   0.779E-01   0.353E+00  -0.458E+01  -0.140E+01   0.155E+01
 
 SM of G:
 
   0.327E+03  -0.404E+02  -0.659E+01  -0.242E+03   0.273E+02   0.172E+01
  -0.404E+02   0.657E+01  -0.135E+01   0.313E+02  -0.348E+01  -0.261E+00
  -0.659E+01  -0.135E+01   0.340E+01   0.388E+01  -0.748E+00   0.840E-01
  -0.242E+03   0.313E+02   0.388E+01   0.386E+03  -0.349E+02  -0.104E+02
   0.273E+02  -0.348E+01  -0.748E+00  -0.349E+02   0.547E+01  -0.786E+00
   0.172E+01  -0.261E+00   0.840E-01  -0.104E+02  -0.786E+00   0.163E+01
 
 Estimated threshold:
 Mean   7.00000000000000     
 Variance  0.000000000000000E+000

